base_colors <- c("GN" = "#0072B2", 
                 "GS" = "#DF536B", 
                 "BCS" = "#F5C710")
"#009E73"